.Random.seed <-
c(403L, 376L, -2110428504L, -905343676L, 1246115903L, 352850756L, 
1891850211L, 492004001L, 1810939466L, 1204435745L, -1595711762L, 
87424050L, 948519117L, -458958774L, 1833295245L, 1727683251L, 
681216564L, 125892011L, -291079596L, 683414168L, -1653827869L, 
1557091304L, 914828159L, -1948025867L, 854853438L, -979363787L, 
-912800382L, 87887758L, -1423676695L, 1178607958L, -2110984783L, 
-903320993L, 1157152352L, 763617527L, -1051768768L, -712459268L, 
-201085849L, -142947668L, -1714051653L, 1955906393L, -136150510L, 
903502329L, 448885542L, -138716678L, -1133419211L, 144109234L, 
1585399285L, -1602815509L, 1374079180L, 1150245619L, 1651278908L, 
-1777971776L, -982914949L, 966346976L, -1982908505L, 108963805L, 
1042097878L, 798287389L, -1733179798L, -1369108265L, -1983648451L, 
-295561760L, 1964479458L, -874751916L, -1532543986L, 1551274911L, 
-1052452475L, 2038293137L, 1679217607L, 1807115406L, 2146381700L, 
-1203686426L, -2008660936L, -1925365939L, 17370023L, 1466369291L, 
-1093017495L, -671516036L, -858207458L, -241976808L, 556713098L, 
-165063181L, -411819775L, -1959904395L, 429571187L, 1455154442L, 
-428604576L, -1577642694L, 1276959492L, -862217007L, 1597115059L, 
-2038727841L, -1708909003L, -1839972776L, -535449990L, 301346604L, 
-448528954L, 628248743L, 1339938717L, 1449770873L, 345075055L, 
-1646142346L, 2061471180L, -2131482546L, -2069286608L, 735253253L, 
-1175796897L, -104562893L, 393181409L, 878828692L, 1131830326L, 
-1003752464L, 1266853794L, -237701925L, 1636214841L, 959886237L, 
1038298843L, -1040811438L, 333968584L, 1907884386L, -1030510692L, 
-2011041591L, 1421827531L, -395210905L, -563663027L, -1004261712L, 
1281931826L, 993876708L, 1662755454L, -236622801L, -1697847371L, 
1397333217L, 105307031L, 640732030L, 1389437044L, -1493403050L, 
1654686120L, -51131811L, 837178007L, -1947644389L, -1047149287L, 
-184548884L, 1260785518L, 643926824L, 2111848250L, 843553091L, 
2021874033L, -1021053083L, -806808605L, 1888269530L, -1550445104L, 
-1399809878L, -676680492L, 168763745L, 1315289603L, -1991503185L, 
-817404539L, 382896936L, -449146934L, 1448753980L, 355204214L, 
177872055L, -783460147L, -1591061495L, 705434559L, 148309606L, 
-1706588164L, 1106980350L, 416074976L, 774320405L, 1005878351L, 
288448003L, 828780881L, -1168714172L, 1670028614L, -73708608L, 
-1875833710L, 1268609643L, 2092745961L, 145077197L, -1948144181L, 
1879444194L, -1471964040L, 461786002L, -1994371604L, -2072890791L, 
-2143879717L, 1913155831L, -521889507L, -202728384L, -1446595518L, 
-191019916L, 1475965358L, 1526845503L, 42879845L, -225367695L, 
489085863L, 731344878L, 776443748L, 910784198L, -207172328L, 
1737509421L, -999963705L, -1372991701L, 1583729417L, 1802815644L, 
328640830L, 2111183800L, 1534239722L, 1173731987L, 1162495457L, 
-1458744811L, -1822235949L, -1806128342L, -1338352896L, -1797104486L, 
-1193710236L, 1575766449L, -60930349L, -478933441L, 72305813L, 
825398328L, -1395031078L, -1234549364L, 907936486L, -1311316089L, 
-2115467203L, -1317577383L, 1528865295L, -1643029994L, -1628863700L, 
708829230L, 1421183248L, 2126556965L, 1510169215L, 1095518291L, 
1202183297L, -943449164L, 88261270L, 166230928L, -1937322558L, 
2146791931L, 522153113L, 1979126717L, 1106649979L, -1385735758L, 
1632853800L, -327528318L, 1180814076L, 546686377L, -2090913173L, 
1589229703L, -255778899L, -734858352L, 403351186L, -2018311804L, 
1877385374L, -1189294641L, -650629483L, 926092225L, 1166293495L, 
-751582626L, -1171464492L, -2004687306L, -915799800L, -195692867L, 
305422391L, -720502213L, 1728256441L, 1520525964L, -859357170L, 
-643947448L, 1688049946L, 1579544035L, -826465967L, 1577497989L, 
1471288259L, 1874055802L, -1469668496L, -83638262L, 1748724916L, 
-1516468543L, 497423651L, 1484102927L, 1338104293L, -554317688L, 
-1462670213L, -811181184L, -1499028680L, 232513340L, -1511522946L, 
-772025617L, 37375503L, -63286181L, 659558585L, 195399734L, 47255866L, 
76723234L, -1603109224L, -815633087L, -1759137843L, 1522198941L, 
1891366927L, -1734489932L, -1372989804L, -303783192L, -237481518L, 
1688706787L, -1707835965L, -976603737L, -759972635L, 1931760946L, 
641510910L, -1650124138L, -1858577884L, 1917762109L, -1763590295L, 
1622186529L, -706380733L, -1755582216L, -1559690064L, -856217948L, 
1874229862L, -885614969L, 1519144007L, 1997199363L, 713079857L, 
552056062L, -1784906894L, 704489034L, -1432950912L, -1318980295L, 
277310149L, -1524388651L, -958262361L, 45198588L, 960655228L, 
303844608L, -521303574L, 1306962411L, -1768683925L, 766288031L, 
332028781L, 1542991114L, -1865904762L, 143190670L, 1041738940L, 
-458061915L, -321750735L, 344679913L, -1112398517L, -888032432L, 
-37075320L, 363114284L, 1469679470L, 574604575L, -79670433L, 
-86688373L, 316034185L, 1305580102L, 640850538L, 1707773682L, 
-1076801656L, 2015311665L, -1582510019L, 775318925L, -1333721729L, 
-708328892L, -2020100700L, 548624920L, 2031182338L, 1535358067L, 
325033171L, 1521319063L, -809409259L, -904370558L, 1022608590L, 
-1039006714L, -1292813836L, -433133011L, 2015364729L, 1350613457L, 
-484216717L, -1686714840L, 594567008L, -37540236L, 389301942L, 
588881111L, 88749367L, -825793773L, -2060782175L, 625689902L, 
843949378L, -1732410374L, 1964446160L, 1378446345L, 96444437L, 
19939557L, 1073237111L, 2055884588L, -1640421076L, 62138320L, 
-335620166L, -1458486693L, 241826523L, 430304495L, 12279997L, 
-856667910L, 350505398L, -71989410L, 1515866668L, -1714960523L, 
-859764383L, -100284295L, 1369516315L, -1867231584L, -1378076328L, 
-1769195108L, -604691106L, 1338409871L, 1107542127L, 1671667259L, 
-1214152807L, 1369088022L, 1218173594L, 39070978L, 524290104L, 
-1803699743L, 1510943085L, -1109958339L, -1299048849L, 135941268L, 
1391828788L, 711620360L, 563806578L, 295061955L, 39802467L, 1747571591L, 
-1245454779L, -1373618670L, -1643909282L, -1981620618L, -1711446524L, 
-1852024995L, 1454247817L, -1630675775L, -13693405L, 209073432L, 
1056147024L, -2132925884L, -2029829562L, 1645369639L, -245053081L, 
-405126877L, -1229008495L, -1878850391L, -2109061220L, -1784156547L, 
-1021146838L, -1069363697L, 1645331942L, 1130439069L, -1063668234L, 
-1821885455L, -1597488280L, 1373923037L, -1499227106L, 76043567L, 
1998840634L, 530860001L, -1472543186L, -481393439L, -743358964L, 
1875394557L, 593167538L, -1601702505L, 907785750L, -583096867L, 
-1788739194L, 386395953L, -858935896L, 1519975701L, 695772998L, 
-1209597489L, -1583863510L, -1796032543L, -516922890L, -535295287L, 
-38426052L, -1433831059L, 1280602058L, 717043935L, -1235854474L, 
598587213L, 1435800230L, -431490175L, 733797096L, -1816777539L, 
721357150L, -16737345L, 2046396298L, -863108927L, -447051554L, 
-1464963839L, 1537528508L, -274747523L, 1134439058L, -978237049L, 
-1331281674L, 1340957405L, -1161556122L, -874215759L, -1728194568L, 
-62393820L, 841356826L, 617626465L, 1565119905L, -1618774078L, 
605187488L, -2084559559L, -13083871L, 374517624L, -333118494L, 
-1305741419L, 2103994673L, -945118454L, 186754164L, 1184026285L, 
49523345L, 601357972L, 21666186L, 671748937L, -67864007L, -1292371174L, 
-1691024224L, 513048041L, -738024247L, -1018495136L, -1767030510L, 
-1844572923L, -872190343L, -568818974L, -319112116L, 705562885L, 
1668672873L, -615971820L, 513362058L, 1658304241L, -1035907727L, 
1140376130L, 1438622304L, -136438167L, 1364088945L, 1021622840L, 
-1603336238L, 1605598325L, 1552737969L, -301289078L, 944884852L, 
-539191283L, -1648179679L, -1776921916L, -1485256294L, -676850103L, 
1439781081L, -1438775510L, -405771392L, 193770073L, 2008512521L, 
1520198384L, -1514734814L, 614646117L, 828078857L, 798971858L, 
1283986908L, 1944782261L, 1082496201L, -1491384124L, 1201922938L, 
420200673L, 1896781505L, 2111655330L, -277840960L, 71540057L, 
-1799286815L, 87651448L, -1357302622L, -857968043L, 1917098833L, 
-791350070L, -344426508L, 908097773L, 982652465L, -1032961452L, 
2097869802L, 159192873L, 1495108793L, 1608884122L, -252753152L, 
-944851351L, 1908739593L, -1520304736L, 1918262162L, -1194930427L, 
